                 16724                 30654                   175
                  5764                 15216                 12474
                 28992                 33324                     0
                  3506                 29372                 16724
                 11366                     0                  7047
                 11150                     0                  5386
                 22999                 12474                  5386
                 16724                 12468                     0
                 32407                 12474                 16724
                  5764                 12474                 16724
                 16724                 33100                 12946
                 12946                 24518                 22999
                  7047                 12946                 16724
                     0                  5064                 12474
                  5386                 16724                 26325
                 22999                 11150                 12468
                 16724                 16724                 24518
                 12474                  5386                  5386
                 16724                 24983                 28992
                   175                 31352                 12474
                  7047                 11150                 16724
                 22999                  7047                 11150
                 12474                  7047                 11150
                 22999                 33100                  7047
                  5386                 30599                 16724
                  1147                 33100                  7047
                 16294                 11150                 16724
                 33324                   175                 31352
                 12946                 12474                 16724
                  5764                 12474                 16724
                 11366                 33100                 28992
                 16724                 11366                 22999
                  7047                 31352                 22999
                  7047                 12946                 16724
                     0                  7047                 16724
                     0                  5764                   175
                  5386                 22999                  7047
                 12946                 16724                 26325
                     0                 30418                 16724
                 11150                 33100                 16724
                 16724                 22999                  7047
                  3506                 33100                 28992
                 24983                 33100                 28992
                     0                 11150                 12474
                 16724                 11150                 12468
                 12474                 16724                 16724
                 26325                 33100                 28992
                 31352                 16724                     0
                  5064                 12474                  5386
                 30599
