                  9469                  4281                  2704
                 37449                 13623                 22246
                 16945                 22988                     0
                 21614                 19219                  9469
                 44024                     0                 18587
                   891                     0                 43004
                 15481                 22246                 43004
                  9469                 45894                     0
                 15716                 22246                  9469
                 37449                 22246                  9469
                  9469                 38945                 13434
                 13434                   173                 15481
                 18587                 13434                  9469
                     0                 31968                 22246
                 43004                  9469                 47782
                 15481                   891                 45894
                  9469                  9469                   173
                 22246                 43004                 43004
                  9469                 24679                 16945
                  2704                 21047                 22246
                 18587                   891                  9469
                 15481                 18587                   891
                 22246                 18587                   891
                 15481                 38945                 18587
                 43004                  1307                  9469
                 44737                 38945                 18587
                 36011                   891                  9469
                 22988                  2704                 21047
                 13434                 22246                  9469
                 37449                 22246                  9469
                 44024                 38945                 16945
                  9469                 44024                 15481
                 18587                 21047                 15481
                 18587                 13434                  9469
                     0                 18587                  9469
                     0                 37449                  2704
                 43004                 15481                 18587
                 13434                  9469                 47782
                     0                 48341                  9469
                   891                 38945                  9469
                  9469                 15481                 18587
                 21614                 38945                 16945
                 24679                 38945                 16945
                     0                   891                 22246
                  9469                   891                 45894
                 22246                  9469                  9469
                 47782                 38945                 16945
                 21047                  9469                     0
                 31968                 22246                 43004
                  1307
